10 REM *** A JEFF MINTER PRODUCTION ***
20 REM *** BASIC PROG. BY KEVIN BERGIN ***
30 REM *** ENTER THE FOLLOWING IN DIREC T MODE BEFORE YOU START!! ***
40 REM *** POKE 43,1:POKE 44,44:POKE 16 384,0:CLR:NEW ***
50 PRINT"HANG ON A SEC."
60 POKE53281 ,0:POKE53280,0:FORA=2049TO3457
70 READX: J=J+X:POKEA,X
80 NEXT: IFJ<>98035THEN180
90 PRINT" WONDERFUL COLOURS COMING..."
100 PRINT"&& BUT FIRST HAVE YOU SAVED THIS ?"
110 GETA$: IFA$<>"V"ANDA$<>"N"THEN110
120 IFA$="N"THENPRINT"SAVE IT NOW THEN": STOP
130 PRINT "TO SAVE THE CODE": PRINT"PRESS RUN/STOP & RESTORE"
140 PRINT"THEN SAVE AS NORMAL (THAT IS AFTER YOU EXIT THIS PROG"
150 POKE198,0:PRINT"PRESS A KEY TO START. ":WAIT198,1
160 PRINT"CLR: NEW": PRINT" S2PP43, 11P (744,8":PRINT"ERUN" 3 CHRS (19)
170 POKE631,13: POKE632,13: POKE633,13:POKE198,3:END
180 PRINT"DATA ERROR TRY AGAIN!"
190 DATA 11,8,10,0,158,50,48
200 DATA 54,52,0,0,0,0,0
210 DATA 0,169,64,133,252,169,8
220 DATA 133,254,169,0,133,251,169
230 DATA 53,133,253,160,0,162,6
240 DATA 177,253,145,251,136,208,249
250 DATA 230,252,230,254,202,208,242
260 DATA 76,0,64,169,0,141,32
270 DATA 208,141,33,208,169,216,133
280 DATA 252,169,0,133,251,162,0
290 DATA 165,252,157,96,3,165,251
300 DATA 157,64,3,24,105,40,133
310 DATA 251,165,252,105,0,133,252
320 DATA 232,224,25,208,230,32,40
330 DATA 69,76,238,66,162,0,169
340 DATA 207,157,0,4,157,0,5
350 DATA 157,0,6,157,0,7,169
360 DATA 0,157,0,216,157,0,217
370 DATA 157,0,218,157,0,219,202
380 DATA 208,225,96,0,6,2,4
390 DATA 5,3,7,1,166,3,189
400 DATA 64,3,133,5,189,96,3
410 DATA 133,6,164,2,96,165,2
420 DATA 41,128,208,249,165,2,201
430 DATA 40,16,243,165,3,41,128
440 DATA 208,237,165,3,201,24,16
450 DATA 231,32,92,64,177,5,41
460 DATA 7,162,0,221,84,64,240
470 DATA 5,232,224,8,208,246,138
480 DATA 133,253,166,4,232,228,253
490 DATA 240,3,16,1,96,166,4
500 DATA 189,84,64,145,5,96,32
510 DATA 86,65,160,0,165,4,201
520 DATA 7,208,1,96,169,7,141
530 DATA 76,65,165,2,133,8,165
540 DATA 3,133,9,165,8,24,121
550 DATA 254,64,133,2,165,9,24
560 DATA 121,37,65,133,3,152,72
570 DATA 32,86,65,104,168,200,185
580 DATA 254,64,201,85,208,225,206
590 DATA 76,65,173,76,65,197,4
600 DATA 240,8,201,1,240,4,200
610 DATA 76,196,64,165,8,133,2
620 DATA 165,9,133,3,96,0,1
630 DATA 1,1,0,255,255,255,85
640 DATA 0,2,0,254,85,0,3
650 DATA 0,253,85,0,4,0,252
660 DATA 85,255,1,5,5,1,255
670 DATA 251,251,85,0,7,0,249
680 DATA 85,85,255,255,0,1,1
690 DATA 1,0,255,85,254,0,2
700 DATA 0,85,253,0,3,0,85
710 DATA 252,0,4,0,85,251,251
720 DATA 255,1,5,5,1,255,85
738 DATA 249,0,7,0,85,85,1
740 DATA 189,153,225,238,78,65,96
750 DATA 0,0,165,2,72,165,3
760 DATA 72,32,107,64,173,149,65
770 DATA 208,8,104,133,3,104,133
780 DATA 2,96,96,169,40,56,229
790 DATA 2,133,2,32,107,64,173
800 DATA 149,65,201,1,240,231,169
810 DATA 24,56,229,3,133,3,32
820 DATA 107,64,104,168,104,133,2
830 DATA 152,72,32,107,64,104,133
840 DATA 3,96,1,15,14,13,12
850 DATA 11,10,9,4,5,6,7
860 DATA 8,9,10,11,12,13,14
870 DATA 15,16,17,18,19,20,21
880 DATA 22,23,20,19,18,17,16
389 DATA 0,0,0,0,0,0,0
900 DATA 0,0,0,0,0,0,0
910 DATA 0,0,0,0,0,0,0 
920 DATA 0,0,0,0,0,0,0 
930 DATA 0,0,0,0,12,13,14
940 DATA 15,15,15,14,4,4,4 
950 DATA 4,4,4,4,4,5,6
960 DATA 7,8,9,10,11,12,13 
970 DATA 13,13,13,7,9,9,10 
980 DATA 11,0,0,0,0,0,0 
990 DATA 0,0,0,0,0,0,0 
1000 DATA 0,0,0,0,0,0,0 
1010 DATA 0,0,0,0,0,0,0
1020 DATA 0,0,0,0,0,255,255
1030 DATA 255,255,255,255,255,255,255 
1040 DATA 255,255,255,255,255,255,255 
1050 DATA 255,255,255,255,255,255,255 
1060 DATA 255,255,255,255,255,255,255 
1070 DATA 255,255,0,0,0,0,0
1080 DATA 0,0,0,0,0,0,0 
1090 DATA 0,0,0,0,0,0,0 
1100 DATA 0,0,0,0,0,0,0 
1110 DATA 0,0,0,0,0,0,12
1120 DATA 12,12,12,12,12,12,12
1130 DATA 12,12,12,12,12,12,12
1140 DATA 12,12,12,12,12,12,12
1150 DATA 12,12,12,12,12,12,12
1160 DATA 12,12,12,0,0,0,0 
1170 DATA 0,0,0,0,0,0,0 
1180 DATA 0,0,0,0,0,0,0 
1190 DATA 0,0,0,0,0,0,0 
1200 DATA 0,0,0,0,0,0,0 
1210 DATA 4,7,1,2,3,6,7 
1220 DATA 6,12,2,3,6,7,1 
1230 DATA 2,2,4,4,7,1,2 
1240 DATA 3,6,7,12,2,3,2 
1250 DATA 3,7,1,2,0,0,0 
1260 DATA 0,0,0,0,0,0,0 
1270 DATA 0,0,0,0,0,0,0 
1280 DATA 0,0,0,0,0,0,0 
1290 DATA 0,0,0,0,0,0,0 
1300 DATA 0,162,0,138,157,150,65
1310 DATA 157,214,65,157,22,66,157 
1320 DATA 86,66,157,150,66,232,224 
1330 DATA 64,208,236,96,32,214,66
1340 DATA 32,44,67,238,43,67,173
1350 DATA 43,67,45,53,68,141,43
1360 DATA 67,170,222,150,66,208,34 
1370 DATA 189,86,66,157,150,66,189 
1380 DATA 22,66,201,255,240,21,133 
1390 DATA 4,189,150,65,133,2,189
1400 DATA 214,65,133,3,32,171,64
1410 DATA 174,43,67,222,22,66,76
1420 DATA 244,66,8,120,169,75,141
1430 DATA 20,3,169,67,141,21,3
1440 DATA 169,10,141,50,68,141,51
1450 DATA 68,169,1,141,21,208,141
1460 DATA 39,208,88,96,1,0,206
1470 DATA 73,67,240,3,76,49,234
1480 DATA 169,2,141,73,67,169,0
1490 DATA 133,12,32,42,68,173,0
1500 DATA 220,41,3,201,3,240,37
1510 DATA 201,2,240,6,238,51,68
1520 DATA 238,51,68,206,51,68,173
1530 DATA 51,68,201,255,208,8,169
1540 DATA 23,141,51,68,76,141,67
1550 DATA 201,24,208,5,169,0,141
1560 DATA 51,68,173,0,220,41,12
1570 DATA 201,12,240,37,201,8,240
1580 DATA 6,238,50,68,238,50,68
1590 DATA 206,50,68,173,50,68,201
1600 DATA 255,208,8,169,39,141,50
1610 DATA 68,76,187,67,201,40,208
1620 DATA 5,169,0,141,50,68,173
1630 DATA 0,220,41,16,240,8,169
1640 DATA 0,141,54,68,76,5,68
1650 DATA 173,55,68,240,8,173,54
1660 DATA 68,208,49,238,54,68,238
1670 DATA 52,68,173,52,68,45,53
1680 DATA 68,141,52,68,170,189,22
1690 DATA 66,201,255,208,26,173,50
1700 DATA 68,157,150,65,173,51,68
1710 DATA 157,214,65,169,7,157,22
1720 DATA 66,173,56,68,157,86,66
1730 DATA 157,150,66,32,25,68,177
1740 DATA 10,41,7,141,74,67,169
1750 DATA 1,133,12,32,42,68,76
1760 DATA 49,234,174,51,68,189,64
1770 DATA 3,133,10,189,96,3,133
1780 DATA 11,172,50,68,96,32,25
1790 DATA 68,165,12,145,10,96,30
1800 DATA 13,26,31,0,0,12,0 
1810 DATA 0,0,0,0,0,0,91 
1820 DATA 0,0,0,0,0,0,0 
1830 DATA 0,0,0,0,0,0,0 
1840 DATA 0,0,0,0,0,0,0 
1850 DATA 0,0,0,0,0,0,0 
1860 DATA 0,0,0,0,0,0,0 
1870 DATA 0,0,0,0,255,0,0 
1880 DATA 0,0,0,0,0,0,0 
1890 DATA 0,0,0,0,0,0,0 
1900 DATA 0,0,0,0,0,0,0 
1910 DATA 0,0,0,0,0,0,0 
1920 DATA 0,0,0,0,0,0,0 
1930 DATA 0,0,0,0,0,0,0 
1940 DATA 0,0,0,0,0,0,0 
1950 DATA 0,0,0,0,0,0,0 
1960 DATA 0,0,0,0,0,0,0 
1970 DATA 0,0,0,0,0,0,0 
1980 DATA 0,0,0,0,0,0,0 
1990 DATA 0,0,0,0,0,0,0 
2000 DATA 0,0,0,0,0,0,0 
2010 DATA 0,0,0,0,0,0,0 
2020 DATA 0,0,0,0,0,0,0 
2030 DATA 0,0,0,0,0,0,0 
2040 DATA 0,0,0,0,0,0,0
2050 DATA 0,0,0,0,0,0,0 
2060 DATA 0,0,0,0,0,0 
2070 DATA 0,0,0,0,0,0,0 
2080 DATA 0,0,0,0,0,0 
2090 DATA 0,0,16,19,25,3,8 
2100 DATA 5,4,5,12
2110 DATA 46,46,1,32,6,15,18
2120 DATA 5,20,1,19,20,5,32 
2130 DATA 2,25,32,10,5,6,6 
2140 DATA 32,13,9,14,20,5,18
2150 DATA 32,50,64,162,40,189,255
2160 DATA 68,157,191,7,169,12,157
2170 DATA 191,219,202,208,242,96,0
2180 DATA 0,0,191,0,157,0,255
2190 DATA 0,255,0,255,0,255,0
2200 DATA 223,255,255,255,255,0,255
